# path_seg_number, u, x (m), y (m), heading (deg), radius of curvature (m), flag_to_identify_given_pose
1 ,  0.0 ,  368968.554 ,  3280347.744 ,  147.09235500931854 ,  -2.9433291125623526 ,  1
1 ,  0.05 ,  368968.22158807644 ,  3280347.990609946 ,  140.1046136216631 ,  -3.9371782605609353 ,  0
1 ,  0.1 ,  368967.89579088887 ,  3280348.292633285 ,  134.50312101561852 ,  -5.260582187734512 ,  0
1 ,  0.15000000000000002 ,  368967.5770570674 ,  3280348.6448202403 ,  129.99595949255703 ,  -6.939780364275042 ,  0
1 ,  0.2 ,  368967.26583524264 ,  3280349.0419210377 ,  126.33614154987774 ,  -8.992507903118264 ,  0
1 ,  0.25 ,  368966.9625740447 ,  3280349.478685903 ,  123.33102777246137 ,  -11.426871670128715 ,  0
1 ,  0.30000000000000004 ,  368966.6677221044 ,  3280349.94986506 ,  120.83510521865823 ,  -14.24115901570961 ,  0
1 ,  0.35000000000000003 ,  368966.38172805187 ,  3280350.4502087347 ,  118.73949176550879 ,  -17.42432645622959 ,  0
1 ,  0.4 ,  368966.10504051764 ,  3280350.9744671513 ,  116.96260631145459 ,  -20.957125530620498 ,  0
1 ,  0.45 ,  368965.83810813207 ,  3280351.5173905366 ,  115.44294435213696 ,  -24.813998989742306 ,  0
1 ,  0.5 ,  368965.58137952554 ,  3280352.0737291127 ,  114.13377842939867 ,  -28.96609079629661 ,  0
1 ,  0.55 ,  368965.3353033285 ,  3280352.6382331075 ,  112.9993586079657 ,  -33.38605245883469 ,  0
1 ,  0.6000000000000001 ,  368965.1003281714 ,  3280353.205652746 ,  112.01221854380655 ,  -38.05597782053518 ,  0
1 ,  0.65 ,  368964.87690268457 ,  3280353.770738251 ,  111.1512865111551 ,  -42.98117768042512 ,  0
1 ,  0.7000000000000001 ,  368964.66547549854 ,  3280354.3282398502 ,  110.40059387209665 ,  -48.215705667801465 ,  0
1 ,  0.75 ,  368964.46649524354 ,  3280354.872907767 ,  109.74845330427694 ,  -53.913747001256034 ,  0
1 ,  0.8 ,  368964.2804105501 ,  3280355.3994922265 ,  109.18705166541119 ,  -60.444750616101715 ,  0
1 ,  0.8500000000000001 ,  368964.1076700486 ,  3280355.902743455 ,  108.712484258842 ,  -68.69126258038625 ,  0
1 ,  0.9 ,  368963.94872236956 ,  3280356.3774116766 ,  108.32538065556973 ,  -80.99685674430145 ,  0
1 ,  0.9500000000000001 ,  368963.8040161432 ,  3280356.8182471166 ,  108.03251164569127 ,  -100.0 ,  0
2 ,  0.0 ,  368963.674 ,  3280357.22 ,  107.85031829868095 ,  -2.4352543582746184 ,  1
2 ,  0.05 ,  368963.58793406934 ,  3280357.5625998047 ,  100.73069855555673 ,  -3.3475948057310827 ,  0
2 ,  0.1 ,  368963.5363052701 ,  3280357.9390322505 ,  95.18902995354328 ,  -4.636126488780761 ,  0
2 ,  0.15000000000000002 ,  368963.5155155876 ,  3280358.345596288 ,  90.89527894175488 ,  -6.393174263782819 ,  0
2 ,  0.2 ,  368963.52196700784 ,  3280358.7785908626 ,  87.57138773566014 ,  -8.754251906797544 ,  0
2 ,  0.25 ,  368963.55206151615 ,  3280359.2343149264 ,  85.0049222995929 ,  -11.941743564840863 ,  0
2 ,  0.30000000000000004 ,  368963.6022010985 ,  3280359.709067428 ,  83.04046081090557 ,  -16.366212361014178 ,  0
2 ,  0.35000000000000003 ,  368963.66878774046 ,  3280360.1991473166 ,  81.56695472405727 ,  -22.89312846631175 ,  0
2 ,  0.4 ,  368963.7482234279 ,  3280360.700853542 ,  80.50685846412821 ,  -33.70666614060985 ,  0
2 ,  0.45 ,  368963.83691014623 ,  3280361.210485053 ,  79.80815709848036 ,  -56.266138323511235 ,  0
2 ,  0.5 ,  368963.93124988116 ,  3280361.724340797 ,  79.4390413795657 ,  -100.0 ,  0
2 ,  0.55 ,  368964.02764461853 ,  3280362.2387197264 ,  79.38475219152652 ,  100.0 ,  0
2 ,  0.6000000000000001 ,  368964.12249634403 ,  3280362.7499207887 ,  79.64623825582613 ,  69.89678602319319 ,  0
2 ,  0.65 ,  368964.21220704325 ,  3280363.2542429343 ,  80.24048290991082 ,  37.69325082210102 ,  0
2 ,  0.7000000000000001 ,  368964.29317870183 ,  3280363.747985111 ,  81.2025966732127 ,  24.28790010494153 ,  0
2 ,  0.75 ,  368964.3618133056 ,  3280364.2274462692 ,  82.59004604987739 ,  16.738004087254954 ,  0
2 ,  0.8 ,  368964.4145128402 ,  3280364.688925358 ,  84.48970842643894 ,  11.83854890905914 ,  0
2 ,  0.8500000000000001 ,  368964.44767929113 ,  3280365.1287213257 ,  87.02876545402327 ,  8.420675455284412 ,  0
2 ,  0.9 ,  368964.4577146444 ,  3280365.543133123 ,  90.39049638645155 ,  5.956778868963801 ,  0
2 ,  0.9500000000000001 ,  368964.44102088537 ,  3280365.9284596974 ,  94.83473832393075 ,  4.170223437817521 ,  0
3 ,  0.0 ,  368964.394 ,  3280366.281 ,  100.71671970165742 ,  2.1354358464595724 ,  1
3 ,  0.05 ,  368964.3328977734 ,  3280366.5301181674 ,  106.51520522464612 ,  3.0056027568307435 ,  0
3 ,  0.1 ,  368964.2420218302 ,  3280366.795190855 ,  111.10048104990749 ,  4.067781965576762 ,  0
3 ,  0.15000000000000002 ,  368964.1236257236 ,  3280367.0734797106 ,  114.83090038958211 ,  5.283903568025931 ,  0
3 ,  0.2 ,  368963.9799630068 ,  3280367.362246381 ,  117.95496731506435 ,  6.592778796447037 ,  0
3 ,  0.25 ,  368963.81328723294 ,  3280367.658752513 ,  120.64663432597943 ,  7.913418066543543 ,  0
3 ,  0.30000000000000004 ,  368963.6258519556 ,  3280367.960259754 ,  123.03078890229644 ,  9.151705367194717 ,  0
3 ,  0.35000000000000003 ,  368963.41991072765 ,  3280368.264029752 ,  125.20033435650096 ,  10.210132048482803 ,  0
3 ,  0.4 ,  368963.1977171026 ,  3280368.567324153 ,  127.22754150780895 ,  10.999521829127849 ,  0
3 ,  0.45 ,  368962.96152463363 ,  3280368.867404605 ,  129.17178856551303 ,  11.450892940298525 ,  0
3 ,  0.5 ,  368962.7135868737 ,  3280369.161532753 ,  131.08513406572771 ,  11.525164247387893 ,  0
3 ,  0.55 ,  368962.4561573765 ,  3280369.4469702477 ,  133.01669581446848 ,  11.218615716769213 ,  0
3 ,  0.6000000000000001 ,  368962.19148969505 ,  3280369.7209787345 ,  135.0165370852519 ,  10.562907236557235 ,  0
3 ,  0.65 ,  368961.92183738254 ,  3280369.9808198595 ,  137.13964162807534 ,  9.619768760738433 ,  0
3 ,  0.7000000000000001 ,  368961.6494539924 ,  3280370.2237552716 ,  139.4505640281597 ,  8.47171458558282 ,  0
3 ,  0.75 ,  368961.3765930776 ,  3280370.447046617 ,  142.0294616262167 ,  7.2108677118668085 ,  0
3 ,  0.8 ,  368961.1055081916 ,  3280370.6479555434 ,  144.980452277068 ,  5.928029385849024 ,  0
3 ,  0.8500000000000001 ,  368960.8384528876 ,  3280370.8237436973 ,  148.44356754171721 ,  4.703623134725356 ,  0
3 ,  0.9 ,  368960.57768071885 ,  3280370.971672727 ,  152.61177328659403 ,  3.6013894672068485 ,  0
3 ,  0.9500000000000001 ,  368960.32544523856 ,  3280371.0890042786 ,  157.7537102062069 ,  2.6650184524905876 ,  0
4 ,  0.0 ,  368960.084 ,  3280371.173 ,  164.23785219508852 ,  -16.710637308341354 ,  1
4 ,  0.05 ,  368959.7442143499 ,  3280371.2723782086 ,  163.21383214727277 ,  -23.37903345638406 ,  0
4 ,  0.1 ,  368959.3770584863 ,  3280371.3861207413 ,  162.40002621293434 ,  -31.208179877886735 ,  0
4 ,  0.15000000000000002 ,  368958.9856666665 ,  3280371.512888312 ,  161.73451730892967 ,  -40.0652767854727 ,  0
4 ,  0.2 ,  368958.5731731481 ,  3280371.651341635 ,  161.17696064477875 ,  -49.74379580055522 ,  0
4 ,  0.25 ,  368958.1427121885 ,  3280371.800141424 ,  160.69986927323419 ,  -59.96190442485865 ,  0
4 ,  0.30000000000000004 ,  368957.6974180456 ,  3280371.957948395 ,  160.28377692221108 ,  -70.36390438885881 ,  0
4 ,  0.35000000000000003 ,  368957.24042497657 ,  3280372.1234232606 ,  159.9144012367145 ,  -80.52620472818744 ,  0
4 ,  0.4 ,  368956.77486723923 ,  3280372.295226736 ,  159.5808976161282 ,  -89.9695872213313 ,  0
4 ,  0.45 ,  368956.30387909105 ,  3280372.472019535 ,  159.27473407494315 ,  -98.1795337890266 ,  0
4 ,  0.5 ,  368955.8305947894 ,  3280372.6524623716 ,  158.98893036157034 ,  -100.0 ,  0
4 ,  0.55 ,  368955.35814859206 ,  3280372.8352159616 ,  158.7175130247978 ,  -100.0 ,  0
4 ,  0.6000000000000001 ,  368954.88967475644 ,  3280373.018941019 ,  158.45509414999995 ,  -100.0 ,  0
4 ,  0.65 ,  368954.4283075401 ,  3280373.2022982566 ,  158.1965101878023 ,  -100.0 ,  0
4 ,  0.7000000000000001 ,  368953.97718120064 ,  3280373.3839483904 ,  157.9364691003739 ,  -100.0 ,  0
4 ,  0.75 ,  368953.5394299956 ,  3280373.5625521336 ,  157.66915235883772 ,  -97.5234355129779 ,  0
4 ,  0.8 ,  368953.1181881824 ,  3280373.7367702015 ,  157.38770254713944 ,  -87.80298094376943 ,  0
4 ,  0.8500000000000001 ,  368952.7165900187 ,  3280373.905263307 ,  157.08348807068805 ,  -76.16301542959677 ,  0
4 ,  0.9 ,  368952.3377697621 ,  3280374.066692166 ,  156.74495438254718 ,  -63.35933795241617 ,  0
4 ,  0.9500000000000001 ,  368951.98486166995 ,  3280374.2197174923 ,  156.35569523529747 ,  -50.24095738998693 ,  0
5 ,  0.0 ,  368951.661 ,  3280374.363 ,  155.89098299731955 ,  -7.742444225761929 ,  1
5 ,  0.05 ,  368951.28281001165 ,  3280374.543344484 ,  153.2619773130156 ,  -10.71741555781834 ,  0
5 ,  0.1 ,  368950.87991262355 ,  3280374.756175044 ,  151.1447786342219 ,  -14.12071157542269 ,  0
5 ,  0.15000000000000002 ,  368950.4557843316 ,  3280374.9987783073 ,  149.38397059586683 ,  -17.818704486035426 ,  0
5 ,  0.2 ,  368950.0139016324 ,  3280375.268440901 ,  147.87681560677845 ,  -21.634766054178975 ,  0
5 ,  0.25 ,  368949.5577410219 ,  3280375.562449454 ,  146.55237911931172 ,  -25.359966198835846 ,  0
5 ,  0.30000000000000004 ,  368949.09077899664 ,  3280375.8780905954 ,  145.35955301069495 ,  -28.7688476752003 ,  0
5 ,  0.35000000000000003 ,  368948.61649205285 ,  3280376.2126509515 ,  144.25986247004664 ,  -31.639325511738274 ,  0
5 ,  0.4 ,  368948.1383566868 ,  3280376.5634171525 ,  143.2229327662654 ,  -33.774650709291286 ,  0
5 ,  0.45 ,  368947.6598493947 ,  3280376.9276758246 ,  142.22347069258825 ,  -35.024458693281105 ,  0
5 ,  0.5 ,  368947.18444667273 ,  3280377.302713596 ,  141.23910952221874 ,  -35.301558467397115 ,  0
5 ,  0.55 ,  368946.7156250175 ,  3280377.685817096 ,  140.24872002721622 ,  -34.59155555770964 ,  0
5 ,  0.6000000000000001 ,  368946.256860925 ,  3280378.0742729525 ,  139.2309163346319 ,  -32.95362770313084 ,  0
5 ,  0.65 ,  368945.8116308916 ,  3280378.465367793 ,  138.16253655227902 ,  -30.51247004167606 ,  0
5 ,  0.7000000000000001 ,  368945.38341141364 ,  3280378.856388246 ,  137.01687383182664 ,  -27.443089326307803 ,  0
5 ,  0.75 ,  368944.9756789872 ,  3280379.2446209397 ,  135.7613734344613 ,  -23.951270311168926 ,  0
5 ,  0.8 ,  368944.59191010887 ,  3280379.627352502 ,  134.3543731489962 ,  -20.252899844235163 ,  0
5 ,  0.8500000000000001 ,  368944.2355812746 ,  3280380.001869561 ,  132.74019459493073 ,  -16.554948895282582 ,  0
5 ,  0.9 ,  368943.9101689809 ,  3280380.3654587455 ,  130.84137845273895 ,  -13.040041014079701 ,  0
5 ,  0.9500000000000001 ,  368943.61914972385 ,  3280380.715406682 ,  128.54586402940544 ,  -9.855517678118527 ,  0
6 ,  0.0 ,  368943.366 ,  3280381.049 ,  125.6849673999433 ,  -17.33302292380053 ,  1
6 ,  0.05 ,  368943.2446042389 ,  3280381.2196543543 ,  125.24025212125949 ,  -47.80547900220815 ,  0
6 ,  0.1 ,  368943.11046343646 ,  3280381.410131068 ,  125.11559108427723 ,  100.0 ,  0
6 ,  0.15000000000000002 ,  368942.96453853365 ,  3280381.61734388 ,  125.22616388245315 ,  71.26888295357598 ,  0
6 ,  0.2 ,  368942.807790472 ,  3280381.8382065315 ,  125.52766209932847 ,  41.08891622514031 ,  0
6 ,  0.25 ,  368942.64118019264 ,  3280382.069632765 ,  125.99841850768175 ,  30.237059774304118 ,  0
6 ,  0.30000000000000004 ,  368942.46566863713 ,  3280382.3085363205 ,  126.63114918582389 ,  24.15942397903714 ,  0
6 ,  0.35000000000000003 ,  368942.28221674665 ,  3280382.5518309395 ,  127.42911163919311 ,  19.9540046816456 ,  0
6 ,  0.4 ,  368942.09178546275 ,  3280382.796430364 ,  128.40458809130175 ,  16.67979665807743 ,  0
6 ,  0.45 ,  368941.89533572656 ,  3280383.0392483342 ,  129.57882500188927 ,  13.956503976157265 ,  0
6 ,  0.5 ,  368941.69382847927 ,  3280383.2771985903 ,  130.98311184294798 ,  11.612027024825512 ,  0
6 ,  0.55 ,  368941.4882246625 ,  3280383.5071948753 ,  132.66098086272424 ,  9.564074361562897 ,  0
6 ,  0.6000000000000001 ,  368941.2794852176 ,  3280383.7261509295 ,  134.67170928548435 ,  7.772335114523997 ,  0
6 ,  0.65 ,  368941.0685710856 ,  3280383.9309804947 ,  137.09545510003775 ,  6.216454658713744 ,  0
6 ,  0.7000000000000001 ,  368940.85644320806 ,  3280384.1185973114 ,  140.04041662761225 ,  4.8848616055434535 ,  0
6 ,  0.75 ,  368940.64406252623 ,  3280384.2859151205 ,  143.65217073048325 ,  3.768699192980985 ,  0
6 ,  0.8 ,  368940.4323899816 ,  3280384.429847664 ,  148.12420328490666 ,  2.8584301818751077 ,  0
6 ,  0.8500000000000001 ,  368940.22238651523 ,  3280384.5473086825 ,  153.70505166515804 ,  2.1420530458047526 ,  0
6 ,  0.9 ,  368940.0150130686 ,  3280384.635211917 ,  160.68831092965272 ,  1.604537369768152 ,  0
6 ,  0.9500000000000001 ,  368939.8112305831 ,  3280384.690471109 ,  169.35402240945766 ,  1.228512728622237 ,  0
7 ,  0.0 ,  368939.612 ,  3280384.71 ,  179.8149765965673 ,  3.2073378302204523 ,  1
7 ,  0.05 ,  368939.38756441616 ,  3280384.703762798 ,  -176.8253540141717 ,  4.537461541975141 ,  0
7 ,  0.1 ,  368939.1415218047 ,  3280384.6840244764 ,  -174.12802642862016 ,  6.014500240582712 ,  0
7 ,  0.15000000000000002 ,  368938.8767888731 ,  3280384.6513051726 ,  -171.8655196938533 ,  7.533057379727453 ,  0
7 ,  0.2 ,  368938.5962823295 ,  3280384.606125023 ,  -169.89233068903934 ,  8.97315487682904 ,  0
7 ,  0.25 ,  368938.3029188816 ,  3280384.549004167 ,  -168.10979454291612 ,  10.216597748245235 ,  0
7 ,  0.30000000000000004 ,  368937.99961523747 ,  3280384.48046274 ,  -166.44681405801424 ,  11.163268661605464 ,  0
7 ,  0.35000000000000003 ,  368937.6892881046 ,  3280384.4010208817 ,  -164.84866523508623 ,  11.74400767548297 ,  0
7 ,  0.4 ,  368937.37485419126 ,  3280384.311198729 ,  -163.27003944353942 ,  11.927641671546814 ,  0
7 ,  0.45 ,  368937.05923020514 ,  3280384.211516419 ,  -161.6703349851009 ,  11.721383539949949 ,  0
7 ,  0.5 ,  368936.7453328538 ,  3280384.102494089 ,  -160.01009229631026 ,  11.16552383249952 ,  0
7 ,  0.55 ,  368936.43607884564 ,  3280383.9846518775 ,  -158.24788852192 ,  10.324458532097449 ,  0
7 ,  0.6000000000000001 ,  368936.1343848883 ,  3280383.8585099224 ,  -156.337194372595 ,  9.276383793139264 ,  0
7 ,  0.65 ,  368935.8431676894 ,  3280383.72458836 ,  -154.222749137081 ,  8.103589475470493 ,  0
7 ,  0.7000000000000001 ,  368935.56534395716 ,  3280383.583407329 ,  -151.83597606040564 ,  6.884550705777883 ,  0
7 ,  0.75 ,  368935.3038303992 ,  3280383.4354869667 ,  -149.08886872599584 ,  5.688285450490475 ,  0
7 ,  0.8 ,  368935.06154372345 ,  3280383.2813474108 ,  -145.86569456950681 ,  4.57091141389663 ,  0
7 ,  0.8500000000000001 ,  368934.84140063776 ,  3280383.1215087976 ,  -142.0119763965673 ,  3.5740490245568615 ,  0
7 ,  0.9 ,  368934.6463178501 ,  3280382.9564912673 ,  -137.32113308279418 ,  2.724642230812924 ,  0
7 ,  0.9500000000000001 ,  368934.4792120682 ,  3280382.7868149546 ,  -131.5225573545365 ,  2.0358435955109604 ,  0
8 ,  0.0 ,  368934.343 ,  3280382.613 ,  -124.28467110016172 ,  -13.21032246287403 ,  1
8 ,  0.05 ,  368934.122591717 ,  3280382.2978814426 ,  -125.53265676300745 ,  -24.082475263505454 ,  0
8 ,  0.1 ,  368933.8730655088 ,  3280381.9537472134 ,  -126.277416042931 ,  -46.42664662812849 ,  0
8 ,  0.15000000000000002 ,  368933.5991113502 ,  3280381.5834967424 ,  -126.66296879016386 ,  -100.0 ,  0
8 ,  0.2 ,  368933.30541921634 ,  3280381.190029456 ,  -126.77139703987679 ,  100.0 ,  0
8 ,  0.25 ,  368932.996679082 ,  3280380.776244784 ,  -126.64977101989659 ,  100.0 ,  0
8 ,  0.30000000000000004 ,  368932.67758092226 ,  3280380.3450421556 ,  -126.32344318161448 ,  73.59201579264987 ,  0
8 ,  0.35000000000000003 ,  368932.35281471204 ,  3280379.899320999 ,  -125.80284928277972 ,  51.73584517635451 ,  0
8 ,  0.4 ,  368932.02707042644 ,  3280379.4419807433 ,  -125.08689650277994 ,  39.63227356573288 ,  0
8 ,  0.45 ,  368931.70503804035 ,  3280378.9759208173 ,  -124.16433440089735 ,  31.495809644192413 ,  0
8 ,  0.5 ,  368931.39140752854 ,  3280378.504040648 ,  -123.01373113214834 ,  25.40218635849431 ,  0
8 ,  0.55 ,  368931.0908688663 ,  3280378.0292396666 ,  -121.60227646022145 ,  20.547524178536577 ,  0
8 ,  0.6000000000000001 ,  368930.8081120285 ,  3280377.554417302 ,  -119.88338976441189 ,  16.548351721009517 ,  0
8 ,  0.65 ,  368930.54782698996 ,  3280377.082472981 ,  -117.79294111160114 ,  13.204747778697811 ,  0
8 ,  0.7000000000000001 ,  368930.3147037258 ,  3280376.616306133 ,  -115.24378797599117 ,  10.404302750679458 ,  0
8 ,  0.75 ,  368930.1134322109 ,  3280376.1588161876 ,  -112.1183825384602 ,  8.077874003327251 ,  0
8 ,  0.8 ,  368929.94870242034 ,  3280375.712902574 ,  -108.25972998931996 ,  6.177237901205244 ,  0
8 ,  0.8500000000000001 ,  368929.825204329 ,  3280375.2814647183 ,  -103.46281617432045 ,  4.663152335229576 ,  0
8 ,  0.9 ,  368929.74762791186 ,  3280374.8674020525 ,  -97.47365706691245 ,  3.499050905994087 ,  0
8 ,  0.9500000000000001 ,  368929.72066314385 ,  3280374.473614003 ,  -90.0143160558815 ,  2.648432064351396 ,  0
9 ,  0.0 ,  368929.749 ,  3280374.103 ,  -80.86895699005444 ,  2.1921684135082398 ,  1
9 ,  0.05 ,  368929.8012684509 ,  3280373.858643898 ,  -75.27442459846533 ,  2.995000673025801 ,  0
9 ,  0.1 ,  368929.8803228721 ,  3280373.601040342 ,  -70.82289623880109 ,  4.0191082131565885 ,  0
9 ,  0.15000000000000002 ,  368929.98387843586 ,  3280373.3319964707 ,  -67.23595970250888 ,  5.274967349845272 ,  0
9 ,  0.2 ,  368930.1096503148 ,  3280373.053319422 ,  -64.30459489692988 ,  6.765574281911198 ,  0
9 ,  0.25 ,  368930.2553536814 ,  3280372.7668163367 ,  -61.87517869406335 ,  8.485833794262618 ,  0
9 ,  0.30000000000000004 ,  368930.4187037081 ,  3280372.4742943523 ,  -59.83499369472827 ,  10.422139902028364 ,  0
9 ,  0.35000000000000003 ,  368930.5974155675 ,  3280372.1775606084 ,  -58.10071570083625 ,  12.552034132764039 ,  0
9 ,  0.4 ,  368930.7892044321 ,  3280371.8784222426 ,  -56.610024282337285 ,  14.843874883488674 ,  0
9 ,  0.45 ,  368930.99178547435 ,  3280371.5786863966 ,  -55.31567449888165 ,  17.256472468466455 ,  0
9 ,  0.5 ,  368931.2028738668 ,  3280371.2801602054 ,  -54.181338337289404 ,  19.738651454864517 ,  0
9 ,  0.55 ,  368931.42018478183 ,  3280370.9846508116 ,  -53.17867529616737 ,  22.228700963077188 ,  0
9 ,  0.6000000000000001 ,  368931.64143339207 ,  3280370.693965352 ,  -52.285246535079246 ,  24.65366825480287 ,  0
9 ,  0.65 ,  368931.86433486996 ,  3280370.4099109666 ,  -51.483005908939354 ,  26.928443952388914 ,  0
9 ,  0.7000000000000001 ,  368932.086604388 ,  3280370.1342947935 ,  -50.757183674399975 ,  28.954584505208057 ,  0
9 ,  0.75 ,  368932.30595711875 ,  3280369.868923972 ,  -50.09543267696823 ,  30.618834208587046 ,  0
9 ,  0.8 ,  368932.5201082347 ,  3280369.615605641 ,  -49.487138811001465 ,  31.791382838271364 ,  0
9 ,  0.8500000000000001 ,  368932.72677290824 ,  3280369.376146939 ,  -48.92281050162808 ,  32.32412195931166 ,  0
9 ,  0.9 ,  368932.92366631195 ,  3280369.1523550064 ,  -48.39345374718388 ,  32.04978488256094 ,  0
9 ,  0.9500000000000001 ,  368933.10850361834 ,  3280368.94603698 ,  -47.88979448040197 ,  30.78445693340225 ,  0
10 ,  0.0 ,  368933.279 ,  3280368.759 ,  -47.401084825190296 ,  2.518519418098215 ,  1
10 ,  0.05 ,  368933.46483378176 ,  3280368.574346655 ,  -42.577450783644814 ,  3.8643802158801934 ,  0
10 ,  0.1 ,  368933.68254756863 ,  3280368.386965008 ,  -39.09457266161179 ,  5.810299824177898 ,  0
10 ,  0.15000000000000002 ,  368933.9280704161 ,  3280368.1968545713 ,  -36.57351925842312 ,  8.639388311401342 ,  0
10 ,  0.2 ,  368934.19733138004 ,  3280368.004014857 ,  -34.76645639471186 ,  12.927224326218028 ,  0
10 ,  0.25 ,  368934.4862595156 ,  3280367.808445378 ,  -33.51160246468715 ,  20.08614734076061 ,  0
10 ,  0.30000000000000004 ,  368934.79078387877 ,  3280367.6101456475 ,  -32.70374704843132 ,  34.75654794192789 ,  0
10 ,  0.35000000000000003 ,  368935.106833525 ,  3280367.4091151766 ,  -32.27605045841868 ,  85.94947389362652 ,  0
10 ,  0.4 ,  368935.43033751013 ,  3280367.2053534794 ,  -32.189115556585286 ,  -100.0 ,  0
10 ,  0.45 ,  368935.7572248896 ,  3280366.998860068 ,  -32.42470553442679 ,  -56.18146524562183 ,  0
10 ,  0.5 ,  368936.0834247189 ,  3280366.789634454 ,  -32.98257432649916 ,  -30.648570945313224 ,  0
10 ,  0.55 ,  368936.40486605396 ,  3280366.577676152 ,  -33.87959933662073 ,  -20.364677197999765 ,  0
10 ,  0.6000000000000001 ,  368936.7174779503 ,  3280366.362984673 ,  -35.1508802784336 ,  -14.575407121671121 ,  0
10 ,  0.65 ,  368937.01718946337 ,  3280366.14555953 ,  -36.85279457232087 ,  -10.761133957379881 ,  0
10 ,  0.7000000000000001 ,  368937.2999296491 ,  3280365.9254002357 ,  -39.0682124524799 ,  -8.03038338714 ,  0
10 ,  0.75 ,  368937.56162756286 ,  3280365.702506303 ,  -41.914091684819105 ,  -5.991227216870193 ,  0
10 ,  0.8 ,  368937.79821226036 ,  3280365.476877244 ,  -45.55115201513216 ,  -4.4444831211674805 ,  0
10 ,  0.8500000000000001 ,  368938.00561279716 ,  3280365.2485125717 ,  -50.193309261212995 ,  -3.2760301731032624 ,  0
10 ,  0.9 ,  368938.179758229 ,  3280365.0174117987 ,  -56.108792586312056 ,  -2.4124105376206013 ,  0
10 ,  0.9500000000000001 ,  368938.3165776113 ,  3280364.783574437 ,  -63.59175421053527 ,  -1.8008829279256466 ,  0
11 ,  0.0 ,  368938.412 ,  3280364.547 ,  -72.86348150956314 ,  -3.081592687779894 ,  1
11 ,  0.05 ,  368938.49843259103 ,  3280364.2056887876 ,  -78.40908791394483 ,  -4.291649408359007 ,  0
11 ,  0.1 ,  368938.5602228635 ,  3280363.827457779 ,  -82.81713094710898 ,  -5.768854735630634 ,  0
11 ,  0.15000000000000002 ,  368938.59838431614 ,  3280363.416741172 ,  -86.41128602387836 ,  -7.471031706549064 ,  0
11 ,  0.2 ,  368938.6139304479 ,  3280362.9779731636 ,  -89.41904532414017 ,  -9.327157153006727 ,  0
11 ,  0.25 ,  368938.6078747575 ,  3280362.5155879525 ,  -92.00135230280844 ,  -11.239571272893546 ,  0
11 ,  0.30000000000000004 ,  368938.5812307441 ,  3280362.034019736 ,  -94.27451810789474 ,  -13.089778238796267 ,  0
11 ,  0.35000000000000003 ,  368938.5350119064 ,  3280361.537702713 ,  -96.32519521552011 ,  -14.74802538932735 ,  0
11 ,  0.4 ,  368938.4702317434 ,  3280361.03107108 ,  -98.22046550913996 ,  -16.086198093715574 ,  0
11 ,  0.45 ,  368938.3879037539 ,  3280360.5185590363 ,  -100.01476279165395 ,  -16.99266247975568 ,  0
11 ,  0.5 ,  368938.2890414366 ,  3280360.004600778 ,  -101.75483783556388 ,  -17.386808119233702 ,  0
11 ,  0.55 ,  368938.17465829075 ,  3280359.4936305056 ,  -103.48359178457042 ,  -17.230562971714157 ,  0
11 ,  0.6000000000000001 ,  368938.045767815 ,  3280358.990082415 ,  -105.24337214026988 ,  -16.53439439122293 ,  0
11 ,  0.65 ,  368937.90338350827 ,  3280358.4983907044 ,  -107.0792169594975 ,  -15.356347300180149 ,  0
11 ,  0.7000000000000001 ,  368937.7485188695 ,  3280358.0229895716 ,  -109.04252884257757 ,  -13.794227341167995 ,  0
11 ,  0.75 ,  368937.5821873974 ,  3280357.568313215 ,  -111.19576325956655 ,  -11.972579707914708 ,  0
11 ,  0.8 ,  368937.4054025911 ,  3280357.138795833 ,  -113.61895506386368 ,  -10.027108197365722 ,  0
11 ,  0.8500000000000001 ,  368937.2191779493 ,  3280356.738871622 ,  -116.41933929504842 ,  -8.089351486833618 ,  0
11 ,  0.9 ,  368937.0245269709 ,  3280356.3729747813 ,  -119.74601508387296 ,  -6.273870488702562 ,  0
11 ,  0.9500000000000001 ,  368936.82246315485 ,  3280356.0455395076 ,  -123.81250488030129 ,  -4.6692476776671095 ,  0
12 ,  0.0 ,  368936.614 ,  3280355.761 ,  -128.93042391157167 ,  -4.529926673740571 ,  1
12 ,  0.05 ,  368936.4791538691 ,  3280355.6009487426 ,  -131.17907114032354 ,  -6.24112676445361 ,  0
12 ,  0.1 ,  368936.3263593562 ,  3280355.4320360622 ,  -133.0031482646194 ,  -8.155923818131454 ,  0
12 ,  0.15000000000000002 ,  368936.15727621125 ,  3280355.255702042 ,  -134.53512367450105 ,  -10.181117609699537 ,  0
12 ,  0.2 ,  368935.9735641846 ,  3280355.0733867665 ,  -135.8620975267842 ,  -12.202797850440271 ,  0
12 ,  0.25 ,  368935.7768830263 ,  3280354.8865303183 ,  -137.04422604756746 ,  -14.09599917462926 ,  0
12 ,  0.30000000000000004 ,  368935.56889248674 ,  3280354.696572783 ,  -138.12510141919873 ,  -15.736666192617504 ,  0
12 ,  0.35000000000000003 ,  368935.351252316 ,  3280354.5049542426 ,  -139.13792578012686 ,  -17.01445043960832 ,  0
12 ,  0.4 ,  368935.12562226434 ,  3280354.313114782 ,  -140.10939503898544 ,  -17.84443349927702 ,  0
12 ,  0.45 ,  368934.8936620819 ,  3280354.1224944857 ,  -141.06230407735788 ,  -18.175878825963064 ,  0
12 ,  0.5 ,  368934.65703151876 ,  3280353.934533435 ,  -142.0174438317664 ,  -17.996617631161264 ,  0
12 ,  0.55 ,  368934.41739032534 ,  3280353.7506717164 ,  -142.99513969554977 ,  -17.332544626395844 ,  0
12 ,  0.6000000000000001 ,  368934.17639825185 ,  3280353.572349414 ,  -144.01667621664262 ,  -16.24266717678823 ,  0
12 ,  0.65 ,  368933.9357150482 ,  3280353.4010066097 ,  -145.1058163268964 ,  -14.81092317694165 ,  0
12 ,  0.7000000000000001 ,  368933.6970004649 ,  3280353.238083389 ,  -146.29063918909412 ,  -13.136365046438993 ,  0
12 ,  0.75 ,  368933.4619142519 ,  3280353.0850198343 ,  -147.60599142874784 ,  -11.323268990453391 ,  0
12 ,  0.8 ,  368933.2321161595 ,  3280352.943256031 ,  -149.09699719528496 ,  -9.472377749610079 ,  0
12 ,  0.8500000000000001 ,  368933.00926593796 ,  3280352.8142320616 ,  -150.82435431159718 ,  -7.673995123509299 ,  0
12 ,  0.9 ,  368932.79502333736 ,  3280352.699388011 ,  -152.8726682369442 ,  -6.003177365268543 ,  0
12 ,  0.9500000000000001 ,  368932.59104810795 ,  3280352.6001639618 ,  -155.36404686538052 ,  -4.516910696189202 ,  0
13 ,  0.0 ,  368932.399 ,  3280352.518 ,  -158.48097607735943 ,  1.2975190005254316 ,  1
13 ,  0.05 ,  368932.2501057229 ,  3280352.449433019 ,  -152.42498704175568 ,  1.851519419426656 ,  0
13 ,  0.1 ,  368932.09447328653 ,  3280352.3593055154 ,  -147.6715178650266 ,  2.5295898072225946 ,  0
13 ,  0.15000000000000002 ,  368931.9336931607 ,  3280352.249465595 ,  -143.8203812745486 ,  3.3029881661092975 ,  0
13 ,  0.2 ,  368931.76935581554 ,  3280352.12176136 ,  -140.59862633670966 ,  4.1266835439536935 ,  0
13 ,  0.25 ,  368931.6030517208 ,  3280351.978040916 ,  -137.81768861636704 ,  4.9426765811357605 ,  0
13 ,  0.30000000000000004 ,  368931.43637134705 ,  3280351.820152367 ,  -135.34335828049245 ,  5.6859194896759835 ,  0
13 ,  0.35000000000000003 ,  368931.2709051637 ,  3280351.649943817 ,  -133.07611622543166 ,  6.292273240715968 ,  0
13 ,  0.4 ,  368931.10824364127 ,  3280351.4692633706 ,  -130.9382812090623 ,  6.7072817318884885 ,  0
13 ,  0.45 ,  368930.9499772496 ,  3280351.279959131 ,  -128.8653208250858 ,  6.894055673084966 ,  0
13 ,  0.5 ,  368930.79769645864 ,  3280351.0838792035 ,  -126.79958037562915 ,  6.838538681175115 ,  0
13 ,  0.55 ,  368930.65299173846 ,  3280350.8828716916 ,  -124.68527437723407 ,  6.5509892655957165 ,  0
13 ,  0.6000000000000001 ,  368930.51745355927 ,  3280350.6787847 ,  -122.46391111483442 ,  6.063486217844646 ,  0
13 ,  0.65 ,  368930.3926723909 ,  3280350.473466333 ,  -120.06945620573077 ,  5.424268445055647 ,  0
13 ,  0.7000000000000001 ,  368930.28023870353 ,  3280350.2687646947 ,  -117.4225348241263 ,  4.690371028022091 ,  0
13 ,  0.75 ,  368930.18174296705 ,  3280350.066527889 ,  -114.42285876373049 ,  3.9201370084095806 ,  0
13 ,  0.8 ,  368930.09877565154 ,  3280349.86860402 ,  -110.9389087193537 ,  3.1668488815798033 ,  0
13 ,  0.8500000000000001 ,  368930.0329272271 ,  3280349.6768411924 ,  -106.79393186937246 ,  2.474173697767746 ,  0
13 ,  0.9 ,  368929.9857881636 ,  3280349.493087511 ,  -101.74831169856212 ,  1.8735975995105436 ,  0
13 ,  0.9500000000000001 ,  368929.95894893125 ,  3280349.319191078 ,  -95.4827103043499 ,  1.3836961469535605 ,  0
14 ,  0.0 ,  368929.954 ,  3280349.157 ,  -87.6001193523922 ,  2.0665143678979687 ,  1
14 ,  0.05 ,  368929.9807510676 ,  3280348.8893333967 ,  -81.35386633040791 ,  2.944374932585577 ,  0
14 ,  0.1 ,  368930.03817251266 ,  3280348.5999919414 ,  -76.45198504294588 ,  4.02557455521436 ,  0
14 ,  0.15000000000000002 ,  368930.12416399055 ,  3280348.29241384 ,  -72.48617191883852 ,  5.2665342923642395 ,  0
14 ,  0.2 ,  368930.23662515625 ,  3280347.970037297 ,  -69.17544563663807 ,  6.5971102996980795 ,  0
14 ,  0.25 ,  368930.3734556651 ,  3280347.636300518 ,  -66.32492052357445 ,  7.925348471078022 ,  0
14 ,  0.30000000000000004 ,  368930.53255517234 ,  3280347.2946417085 ,  -63.79574338161164 ,  9.146491002774098 ,  0
14 ,  0.35000000000000003 ,  368930.71182333294 ,  3280346.948499073 ,  -61.48505892958627 ,  10.155491689905022 ,  0
14 ,  0.4 ,  368930.90915980237 ,  3280346.6013108166 ,  -59.312802946591695 ,  10.86123167763332 ,  0
14 ,  0.45 ,  368931.12246423564 ,  3280346.2565151444 ,  -57.21274507033378 ,  11.199745870620402 ,  0
14 ,  0.5 ,  368931.3496362879 ,  3280345.9175502616 ,  -55.12602900612446 ,  11.14357877030369 ,  0
14 ,  0.55 ,  368931.5885756144 ,  3280345.587854374 ,  -52.99603501774861 ,  10.705147706013769 ,  0
14 ,  0.6000000000000001 ,  368931.8371818703 ,  3280345.2708656862 ,  -50.7637168669599 ,  9.933510930963266 ,  0
14 ,  0.65 ,  368932.09335471084 ,  3280344.9700224036 ,  -48.362704086562616 ,  8.905631697604594 ,  0
14 ,  0.7000000000000001 ,  368932.35499379126 ,  3280344.6887627314 ,  -45.7134554342962 ,  7.714435775549756 ,  0
14 ,  0.75 ,  368932.61999876663 ,  3280344.430524874 ,  -42.71563193814175 ,  6.45630467291434 ,  0
14 ,  0.8 ,  368932.8862692922 ,  3280344.198747038 ,  -39.23768858834348 ,  5.220191445916057 ,  0
14 ,  0.8500000000000001 ,  368933.15170502313 ,  3280343.9968674267 ,  -35.10268051297489 ,  4.079659630202883 ,  0
14 ,  0.9 ,  368933.4142056146 ,  3280343.828324247 ,  -30.070205632466966 ,  3.0882539743119253 ,  0
14 ,  0.9500000000000001 ,  368933.67167072184 ,  3280343.696555703 ,  -23.81862887409626 ,  2.278009042620459 ,  0
15 ,  0.0 ,  368933.922 ,  3280343.605 ,  -15.945395896639509 ,  12.248726714849564 ,  1
15 ,  0.05 ,  368934.6158048233 ,  3280343.42621346 ,  -13.11214315629513 ,  17.091347120664377 ,  0
15 ,  0.1 ,  368935.37609062914 ,  3280343.265531465 ,  -10.86432180341359 ,  22.892555955847616 ,  0
15 ,  0.15000000000000002 ,  368936.19559997605 ,  3280343.1223460017 ,  -9.035343345605401 ,  29.590770332173054 ,  0
15 ,  0.2 ,  368937.0670754227 ,  3280342.996049061 ,  -7.513917430600657 ,  37.06861723899529 ,  0
15 ,  0.25 ,  368937.9832595277 ,  3280342.88603263 ,  -6.223212513931253 ,  45.149814357769735 ,  0
15 ,  0.30000000000000004 ,  368938.9368948499 ,  3280342.7916886997 ,  -5.108518238590433 ,  53.59726004283281 ,  0
15 ,  0.35000000000000003 ,  368939.92072394764 ,  3280342.712409258 ,  -4.129708231759347 ,  62.11322676653707 ,  0
15 ,  0.4 ,  368940.92748938 ,  3280342.647586294 ,  -3.256480761121651 ,  70.3429171258666 ,  0
15 ,  0.45 ,  368941.9499337053 ,  3280342.5966117973 ,  -2.4652482864191456 ,  77.88299822971757 ,  0
15 ,  0.5 ,  368942.9807994822 ,  3280342.558877756 ,  -1.7370259164900037 ,  84.2969793367799 ,  0
15 ,  0.55 ,  368944.01282926963 ,  3280342.5337761594 ,  -1.055930296147831 ,  89.1392552252601 ,  0
15 ,  0.6000000000000001 ,  368945.03876562597 ,  3280342.5206989967 ,  -0.408043817130387 ,  91.98904052695943 ,  0
15 ,  0.65 ,  368946.05135111 ,  3280342.519038257 ,  0.21952349299663115 ,  92.49396513495445 ,  0
15 ,  0.7000000000000001 ,  368947.04332828027 ,  3280342.5281859296 ,  0.8395067484088503 ,  90.42058221331658 ,  0
15 ,  0.75 ,  368948.00743969565 ,  3280342.547534003 ,  1.465422390766856 ,  85.7055803571165 ,  0
15 ,  0.8 ,  368948.93642791465 ,  3280342.5764744664 ,  2.112727505493417 ,  78.4978175695205 ,  0
15 ,  0.8500000000000001 ,  368949.8230354958 ,  3280342.6143993083 ,  2.8004445741880835 ,  69.17886641281946 ,  0
15 ,  0.9 ,  368950.6600049981 ,  3280342.6607005186 ,  3.553674519869422 ,  58.35045319653843 ,  0
15 ,  0.9500000000000001 ,  368951.4400789799 ,  3280342.714770086 ,  4.407810231770137 ,  46.782372379831806 ,  0
16 ,  0.0 ,  368952.156 ,  3280342.776 ,  5.4161463944478125 ,  -100.0 ,  1
16 ,  0.05 ,  368952.85186639044 ,  3280342.840558318 ,  5.213377139663701 ,  -100.0 ,  0
16 ,  0.1 ,  368953.6100327208 ,  3280342.909135192 ,  5.143503897093427 ,  -100.0 ,  0
16 ,  0.15000000000000002 ,  368954.42326099426 ,  3280342.982466858 ,  5.176882387849491 ,  100.0 ,  0
16 ,  0.2 ,  368955.2843132139 ,  3280343.061289548 ,  5.296252890110801 ,  100.0 ,  0
16 ,  0.25 ,  368956.18595138297 ,  3280343.146339499 ,  5.491939014534777 ,  100.0 ,  0
16 ,  0.30000000000000004 ,  368957.12093750446 ,  3280343.238352947 ,  5.759346274983168 ,  100.0 ,  0
16 ,  0.35000000000000003 ,  368958.0820335818 ,  3280343.3380661253 ,  6.097643681136681 ,  100.0 ,  0
16 ,  0.4 ,  368959.0620016181 ,  3280343.4462152715 ,  6.509116254437434 ,  100.0 ,  0
16 ,  0.45 ,  368960.0536036164 ,  3280343.5635366184 ,  6.998947470879167 ,  100.0 ,  0
16 ,  0.5 ,  368961.0496015799 ,  3280343.6907664016 ,  7.575325598736491 ,  92.35602166461814 ,  0
16 ,  0.55 ,  368962.0427575118 ,  3280343.8286408572 ,  8.249847071657763 ,  78.62880365764981 ,  0
16 ,  0.6000000000000001 ,  368963.0258334154 ,  3280343.97789622 ,  9.038248035088333 ,  66.44710717186352 ,  0
16 ,  0.65 ,  368963.9915912936 ,  3280344.139268725 ,  9.961553718017793 ,  55.56955269269433 ,  0
16 ,  0.7000000000000001 ,  368964.9327931497 ,  3280344.3134946083 ,  11.047809526496202 ,  45.86357015296065 ,  0
16 ,  0.75 ,  368965.8422009869 ,  3280344.501310103 ,  12.334668562081902 ,  37.25499904578667 ,  0
16 ,  0.8 ,  368966.7125768084 ,  3280344.7034514463 ,  13.873286130432147 ,  29.69904691137952 ,  0
16 ,  0.8500000000000001 ,  368967.53668261727 ,  3280344.9206548724 ,  15.73425990722691 ,  23.162633921414564 ,  0
16 ,  0.9 ,  368968.3072804167 ,  3280345.153656617 ,  18.016825462474536 ,  17.613185978718214 ,  0
16 ,  0.9500000000000001 ,  368969.01713220985 ,  3280345.403192914 ,  20.86325398863191 ,  13.011302426214753 ,  0
17 ,  0.0 ,  368969.659 ,  3280345.67 ,  24.481383419735415 ,  -100.0 ,  1
17 ,  0.05 ,  368970.3745629526 ,  3280345.9958200776 ,  24.48138342037265 ,  -100.0 ,  0
17 ,  0.1 ,  368971.151557383 ,  3280346.3496119906 ,  24.48138342112822 ,  -100.0 ,  0
17 ,  0.15000000000000002 ,  368971.9831575712 ,  3280346.728267757 ,  24.481383417130314 ,  -100.0 ,  0
17 ,  0.2 ,  368972.8625377976 ,  3280347.1286793957 ,  24.481383418350738 ,  -100.0 ,  0
17 ,  0.25 ,  368973.7828723424 ,  3280347.5477389237 ,  24.481383419902933 ,  -100.0 ,  0
17 ,  0.30000000000000004 ,  368974.737335486 ,  3280347.9823383605 ,  24.481383421262077 ,  -100.0 ,  0
17 ,  0.35000000000000003 ,  368975.71910150844 ,  3280348.4293697234 ,  24.481383418277137 ,  -100.0 ,  0
17 ,  0.4 ,  368976.7213446902 ,  3280348.8857250316 ,  24.48138342019499 ,  -100.0 ,  0
17 ,  0.45 ,  368977.73723931145 ,  3280349.3482963033 ,  24.481383417652744 ,  -100.0 ,  0
17 ,  0.5 ,  368978.75995965226 ,  3280349.813975556 ,  24.481383415541508 ,  -100.0 ,  0
17 ,  0.55 ,  368979.7826799932 ,  3280350.2796548093 ,  24.481383413568068 ,  -100.0 ,  0
17 ,  0.6000000000000001 ,  368980.7985746144 ,  3280350.7422260805 ,  24.48138341144481 ,  -100.0 ,  0
17 ,  0.65 ,  368981.80081779603 ,  3280351.1985813887 ,  24.481383409629903 ,  -100.0 ,  0
17 ,  0.7000000000000001 ,  368982.78258381854 ,  3280351.6456127516 ,  24.481383407841758 ,  -100.0 ,  0
17 ,  0.75 ,  368983.7370469621 ,  3280352.080212188 ,  24.48138340577537 ,  -100.0 ,  0
17 ,  0.8 ,  368984.6573815069 ,  3280352.4992717165 ,  24.48138340391372 ,  -100.0 ,  0
17 ,  0.8500000000000001 ,  368985.53676173324 ,  3280352.899683354 ,  24.4813833967861 ,  -100.0 ,  0
17 ,  0.9 ,  368986.3683619215 ,  3280353.2783391206 ,  24.481383394315863 ,  -100.0 ,  0
17 ,  0.9500000000000001 ,  368987.1453563518 ,  3280353.6321310336 ,  24.481383385565618 ,  -100.0 ,  0
