371900.884,	3279705.811,	-39.57117393,	0
371929.027,	3279697.397,	-6.662890557,	0
371939.377,	3279698.342,	36.04797348,	0
371944.757,	3279702.607,	53.7001908,	0
371947.808,	3279711.717,	75.28243343,	0
371945.661,	3279740.62,	118.3690463,	0
371943.401,	3279744.713,	137.6176237,	0
371937.362,	3279750.469,	150.6063716,	0
371928.708,	3279757.947,	134.4791436,	0
371924.067,	3279769.227,	102.0165446,	0
371922.549,	3279782.259,	89.24283114,	0
371924.665,	3279787.053,	35.41559225,	0
371933.194,	3279796.764,	58.96673088,	0
371937.431,	3279809.961,	83.99766643,	0
371935.33,	3279819.17,	120.4257838,	0
371925.035,	3279832.323,	152.6172988,	0
371923.285,	3279836.51,	101.9665749,	0
371922.968,	3279853.773,	89.37406955,	0
371925.371,	3279866.124,	75.1860942,	0
371925.211,	3279873.163,	113.3323737,	0
371923.212,	3279884.057,	82.93041924,	0
371926.725,	3279892.008,	25.95337571,	0
371933.717,	3279894.977,	-16.79236419,	0
371949.479,	3279891.031,	-0.817590397,	0
371964.116,	3279894.204,	22.78240573,	0
371971.805,	3279894.456,	-35.08599731,	0
371981.526,	3279890.936,	-15.40833512,	0
371999.733,	3279889.084,	8.784729044,	0
372016.358,	3279892.861,	25.83038745,	0
372034.9,	3279911.778,	58.47121466,	0
372039.684,	3279934.915,	89.27082036,	0
372043.971,	3279952.254,	47.19987147,	0
372055.407,	3279967.385,	44.23760733,	0
372069.957,	3279978.92,	41.2183598,	0
372083.355,	3279999.822,	44.11313926,	0
372093.89,	3280015.195,	53.68916187,	0
372094.56,	3280030.586,	101.8791172,	0
372084.572,	3280057.004,	140.9135037,	0
372063.323,	3280068.482,	158.9999849,	0
372052.759,	3280076.143,	139.6588364,	0
372040.813,	3280097.632,	109.9984653,	0
372033.454,	3280109.758,	141.8351981,	0
372025.521,	3280114.337,	167.7967492,	0
371972.669,	3280134.788,	168.226638,	0
371947.686,	3280136.624,	-171.31487,	0
371914.73,	3280132.167,	-161.8616814,	0
371877.699,	3280113.174,	-136.0544045,	0
371863.516,	3280101.003,	-149.2414373,	0
371842.008,	3280092.111,	-159.55218,	0
371826.622,	3280084.015,	-135.3920471,	0
371812.291,	3280064.432,	-111.8071293,	0
371810.395,	3280054.427,	-75.30085974,	0
371817.052,	3280043.227,	-41.13264908,	0
371833.487,	3280023.825,	-66.65830123,	0
371841.552,	3279998.734,	-84.90199291,	0
371842.31,	3279967.164,	-90.58524826,	0
371836.843,	3279949.534,	-131.3265964,	0
371813.484,	3279934.989,	-147.1518672,	0
371806.194,	3279930.524,	-112.3783468,	0
371807.844,	3279920.853,	-79.51719328,	0
371809.521,	3279906.978,	-75.96848196,	0
371816.987,	3279893.035,	-52.6020456,	0
371838.509,	3279867.448,	-66.11317561,	0
371845.224,	3279849.836,	-90.74422875,	0
371842.957,	3279833.111,	-108.5725318,	0
371842.467,	3279824.148,	-64.8360536,	0
371847.542,	3279809.006,	-93.43302687,	0
371842.583,	3279779.33,	-90.84801059,	0
371846.746,	3279763.288,	-61.4954369,	0
371858.902,	3279748.786,	-40.8636161,	0
371869.333,	3279740.697,	-25.51823483,	0
371880.969,	3279731.53,	-60.83526479,	0
371890.487,	3279719.247,	-36.55131158,	0
371899.591,	3279708.722,	-59.5344551,	12
