#ptx (m), pty (m), azim_deg (deg), state
0,	0,	-39.57117393,	0
28.143,	-8.414,	-6.662890557,	0
38.493,	-7.469,	36.04797348,	0
43.873,	-3.204,	53.7001908,	0
46.924,	5.906,	75.28243343,	0
44.777,	34.809,	118.3690463,	0
42.517,	38.902,	137.6176237,	0
36.478,	44.658,	150.6063716,	0
27.824,	52.136,	134.4791436,	0
23.183,	63.416,	102.0165446,	0
21.665,	76.448,	89.24283114,	0
23.781,	81.242,	35.41559225,	0
32.31,	90.953,	58.96673088,	0
36.547,	104.15,	83.99766643,	0
34.446,	113.359,	120.4257838,	0
24.151,	126.512,	152.6172988,	0
22.401,	130.699,	101.9665749,	0
22.084,	147.962,	89.37406955,	0
24.487,	160.313,	75.1860942,	0
24.327,	167.352,	113.3323737,	0
22.328,	178.246,	82.93041924,	0
25.841,	186.197,	25.95337571,	0
32.833,	189.166,	-16.79236419,	0
48.595,	185.22,	-0.817590397,	0
63.232,	188.393,	22.78240573,	0
70.921,	188.645,	-35.08599731,	0
80.642,	185.125,	-15.40833512,	0
98.849,	183.273,	8.784729044,	0
115.474,	187.05,	25.83038745,	0
134.016,	205.967,	58.47121466,	0
138.8,	229.104,	89.27082036,	0
143.087,	246.443,	47.19987147,	0
154.523,	261.574,	44.23760733,	0
169.073,	273.109,	41.2183598,	0
182.471,	294.011,	44.11313926,	0
193.006,	309.384,	53.68916187,	0
193.676,	324.775,	101.8791172,	0
183.688,	351.193,	140.9135037,	0
162.439,	362.671,	158.9999849,	0
151.875,	370.332,	139.6588364,	0
139.929,	391.821,	109.9984653,	0
132.57,	403.947,	141.8351981,	0
124.637,	408.526,	167.7967492,	0
71.785,	428.977,	168.226638,	0
46.802,	430.813,	-171.31487,	0
13.846,	426.356,	-161.8616814,	0
-23.185,	407.363,	-136.0544045,	0
-37.368,	395.192,	-149.2414373,	0
-58.876,	386.3,	-159.55218,	0
-74.262,	378.204,	-135.3920471,	0
-88.593,	358.621,	-111.8071293,	0
-90.489,	348.616,	-75.30085974,	0
-83.832,	337.416,	-41.13264908,	0
-67.397,	318.014,	-66.65830123,	0
-59.332,	292.923,	-84.90199291,	0
-58.574,	261.353,	-90.58524826,	0
-64.041,	243.723,	-131.3265964,	0
-87.4,	229.178,	-147.1518672,	0
-94.69,	224.713,	-112.3783468,	0
-93.04,	215.042,	-79.51719328,	0
-91.363,	201.167,	-75.96848196,	0
-83.897,	187.224,	-52.6020456,	0
-62.375,	161.637,	-66.11317561,	0
-55.66,	144.025,	-90.74422875,	0
-57.927,	127.3,	-108.5725318,	0
-58.417,	118.337,	-64.8360536,	0
-53.342,	103.195,	-93.43302687,	0
-58.301,	73.519,	-90.84801059,	0
-54.138,	57.477,	-61.4954369,	0
-41.982,	42.975,	-40.8636161,	0
-31.551,	34.886,	-25.51823483,	0
-19.915,	25.719,	-60.83526479,	0
-10.397,	13.436,	-36.55131158,	0
-1.293,	2.911,	-59.5344551,	0